  1       917       syn01_B17-F01-917   800      40      1306.0   544.0    7.0      3.5       1.0   7.0      10.0   0.0    -1            
  2       917       syn02_B17-F01-917   800      41      370.0    540.0    7.0      3.5       1.0   7.0      10.0   0.0    -1            
  3       917       syn03_B17-F01-917   801      42      846.0    552.0    7.0      3.5       1.0   7.0      10.0   0.0    -1            
  4       917       syn04_B17-F01-917   801      43      1754.0   612.0    7.0      3.5       1.0   7.0      10.0   0.0    -1            
  5       917       syn05_B17-F01-917   802      44      2218.0   428.0    7.0      3.5       1.0   7.0      10.0   0.0    -1            
  6       917       syn06_B17-F01-917   802      45      2710.0   568.0    7.0      3.5       1.0   7.0      10.0   0.0    -1            
  7       917       syn07_B17-F01-917   803      46      3202.0   512.0    7.0      3.5       1.0   7.0      10.0   0.0    -1            
  8       917       syn08_B17-F01-917   803      47      3874.0   760.0    7.0      3.5       1.0   7.0      10.0   0.0    -1            
  9       917       syn09_B17-F01-917   804      48      354.0    992.0    7.0      3.5       1.0   7.0      10.0   0.0    -1            
  10      917       syn10_B17-F01-917   804      49      814.0    1004.0   7.0      3.5       1.0   7.0      10.0   0.0    -1            
  11      917       syn11_B17-F01-917   805      40      1282.0   1016.0   7.2      3.5       1.0   7.0      10.0   0.0    -1            
  12      917       syn12_B17-F01-917   805      41      1906.0   1052.0   7.2      3.5       1.0   7.0      10.0   0.0    -1            
  13      917       syn13_B17-F01-917   806      42      2386.0   1072.0   7.2      3.5       1.0   7.0      10.0   0.0    -1            
  14      917       syn14_B17-F01-917   806      43      3286.0   1068.0   7.2      3.5       1.0   7.0      10.0   0.0    -1            
  15      917       syn15_B17-F01-917   807      44      1034.0   1480.0   7.2      3.5       1.0   7.0      10.0   0.0    -1            
  16      917       syn16_B17-F01-917   807      45      442.0    1676.0   7.2      3.5       1.0   7.0      10.0   0.0    -1            
  17      917       syn17_B17-F01-917   808      46      1774.0   1620.0   7.2      3.5       1.0   7.0      10.0   0.0    -1            
  18      917       syn18_B17-F01-917   808      47      2502.0   1608.0   7.2      3.5       1.0   7.0      10.0   0.0    -1            
  19      917       syn19_B17-F01-917   809      48      1342.0   1824.0   7.2      3.5       1.0   7.0      10.0   0.0    -1            
  20      917       syn20_B17-F01-917   809      49      2922.0   1376.0   7.2      3.5       1.0   7.0      10.0   0.0    -1            
  21      917       syn21_B17-F01-917   810      40      3686.0   1280.0   7.4      3.5       1.0   7.0      10.0   0.0    -1            
  22      917       syn22_B17-F01-917   810      41      3062.0   1904.0   7.4      3.5       1.0   7.0      10.0   0.0    -1            
  23      917       syn23_B17-F01-917   811      42      3514.0   1920.0   7.4      3.5       1.0   7.0      10.0   0.0    -1            
  24      917       syn24_B17-F01-917   811      43      3902.0   1704.0   7.4      3.5       1.0   7.0      10.0   0.0    -1            
  25      917       syn25_B17-F01-917   812      44      2130.0   1880.0   7.4      3.5       1.0   7.0      10.0   0.0    -1            
  26      917       syn26_B17-F01-917   812      45      714.0    2444.0   7.4      3.5       1.0   7.0      10.0   0.0    -1            
  27      917       syn27_B17-F01-917   813      46      518.0    2876.0   7.4      3.5       1.0   7.0      10.0   0.0    -1            
  28      917       syn28_B17-F01-917   813      47      1166.0   2452.0   7.4      3.5       1.0   7.0      10.0   0.0    -1            
  29      917       syn29_B17-F01-917   814      48      1754.0   2416.0   7.4      3.5       1.0   7.0      10.0   0.0    -1            
  30      917       syn30_B17-F01-917   814      49      2734.0   2652.0   7.4      3.5       1.0   7.0      10.0   0.0    -1            
  31      917       syn31_B17-F01-917   815      40      3194.0   2448.0   7.6      3.5       1.0   7.0      10.0   0.0    -1            
  32      917       syn32_B17-F01-917   815      41      3850.0   2648.0   7.6      3.5       1.0   7.0      10.0   0.0    -1            
  33      917       syn33_B17-F01-917   816      42      3070.0   2984.0   7.6      3.5       1.0   7.0      10.0   0.0    -1            
  34      917       syn34_B17-F01-917   816      43      3550.0   3220.0   7.6      3.5       1.0   7.0      10.0   0.0    -1            
  35      917       syn35_B17-F01-917   817      44      3970.0   3964.0   7.6      3.5       1.0   7.0      10.0   0.0    -1            
  36      917       syn36_B17-F01-917   817      45      3594.0   3748.0   7.6      3.5       1.0   7.0      10.0   0.0    -1            
  37      917       syn37_B17-F01-917   818      46      3090.0   3532.0   7.6      3.5       1.0   7.0      10.0   0.0    -1            
  38      917       syn38_B17-F01-917   818      47      2718.0   3264.0   7.6      3.5       1.0   7.0      10.0   0.0    -1            
  39      917       syn39_B17-F01-917   819      48      2710.0   3872.0   7.6      3.5       1.0   7.0      10.0   0.0    -1            
  40      917       syn40_B17-F01-917   819      49      3226.0   3972.0   7.6      3.5       1.0   7.0      10.0   0.0    -1            
  41      917       syn41_B17-F01-917   820      40      1130.0   2964.0   7.8      3.5       1.0   7.0      10.0   0.0    -1            
  42      917       syn42_B17-F01-917   820      41      502.0    3572.0   7.8      3.5       1.0   7.0      10.0   0.0    -1            
  43      917       syn43_B17-F01-917   821      42      1234.0   3540.0   7.8      3.5       1.0   7.0      10.0   0.0    -1            
  44      917       syn44_B17-F01-917   821      43      1578.0   3876.0   7.8      3.5       1.0   7.0      10.0   0.0    -1            
  45      917       syn45_B17-F01-917   822      44      2042.0   3724.0   7.8      3.5       1.0   7.0      10.0   0.0    -1            
  46      917       syn46_B17-F01-917   822      45      1630.0   2980.0   7.8      3.5       1.0   7.0      10.0   0.0    -1            
  47      917       syn47_B17-F01-917   823      46      1682.0   3428.0   7.8      3.5       1.0   7.0      10.0   0.0    -1            
  48      917       syn48_B17-F01-917   823      47      2018.0   2748.0   7.8      3.5       1.0   7.0      10.0   0.0    -1            
  49      917       syn49_B17-F01-917   824      48      2406.0   2920.0   7.8      3.5       1.0   7.0      10.0   0.0    -1            
  50      917       syn50_B17-F01-917   824      49      2150.0   3296.0   7.8      3.5       1.0   7.0      10.0   0.0    -1            
  1       918       syn01_B06-F11-918   800      40      1432.0   260.0    7.0      3.5       1.0   7.0      10.0   0.0    -1            
  2       918       syn02_B06-F11-918   800      41      238.0    712.0    7.0      3.5       1.0   7.0      10.0   0.0    -1            
  3       918       syn03_B06-F11-918   801      42      593.0    1077.0   7.0      3.5       1.0   7.0      10.0   0.0    -1            
  4       918       syn04_B06-F11-918   801      43      2083.0   947.0    7.0      3.5       1.0   7.0      10.0   0.0    -1            
  5       918       syn05_B06-F11-918   802      44      2264.0   285.0    7.0      3.5       1.0   7.0      10.0   0.0    -1            
  6       918       syn06_B06-F11-918   802      45      2691.0   390.0    7.0      3.5       1.0   7.0      10.0   0.0    -1            
  7       918       syn07_B06-F11-918   803      46      3236.0   325.0    7.0      3.5       1.0   7.0      10.0   0.0    -1            
  8       918       syn08_B06-F11-918   803      47      3566.0   669.0    7.0      3.5       1.0   7.0      10.0   0.0    -1            
  9       918       syn09_B06-F11-918   804      48      296.0    1467.0   7.0      3.5       1.0   7.0      10.0   0.0    -1            
  10      918       syn10_B06-F11-918   804      49      1247.0   1197.0   7.0      3.5       1.0   7.0      10.0   0.0    -1            
  11      918       syn11_B06-F11-918   805      40      1573.0   1478.0   7.2      3.5       1.0   7.0      10.0   0.0    -1            
  12      918       syn12_B06-F11-918   805      41      1838.0   591.0    7.2      3.5       1.0   7.0      10.0   0.0    -1            
  13      918       syn13_B06-F11-918   806      42      2149.0   1375.0   7.2      3.5       1.0   7.0      10.0   0.0    -1            
  14      918       syn14_B06-F11-918   806      43      3130.0   996.0    7.2      3.5       1.0   7.0      10.0   0.0    -1            
  15      918       syn15_B06-F11-918   807      44      939.0    1579.0   7.2      3.5       1.0   7.0      10.0   0.0    -1            
  16      918       syn16_B06-F11-918   807      45      582.0    1839.0   7.2      3.5       1.0   7.0      10.0   0.0    -1            
  17      918       syn17_B06-F11-918   808      46      1948.0   1828.0   7.2      3.5       1.0   7.0      10.0   0.0    -1            
  18      918       syn18_B06-F11-918   808      47      2657.0   1521.0   7.2      3.5       1.0   7.0      10.0   0.0    -1            
  19      918       syn19_B06-F11-918   809      48      1409.0   1867.0   7.2      3.5       1.0   7.0      10.0   0.0    -1            
  20      918       syn20_B06-F11-918   809      49      2494.0   1129.0   7.2      3.5       1.0   7.0      10.0   0.0    -1            
  21      918       syn21_B06-F11-918   810      40      3864.0   1166.0   7.4      3.5       1.0   7.0      10.0   0.0    -1            
  22      918       syn22_B06-F11-918   810      41      2825.0   1929.0   7.4      3.5       1.0   7.0      10.0   0.0    -1            
  23      918       syn23_B06-F11-918   811      42      3217.0   1774.0   7.4      3.5       1.0   7.0      10.0   0.0    -1            
  24      918       syn24_B06-F11-918   811      43      3906.0   1736.0   7.4      3.5       1.0   7.0      10.0   0.0    -1            
  25      918       syn25_B06-F11-918   812      44      2380.0   1918.0   7.4      3.5       1.0   7.0      10.0   0.0    -1            
  26      918       syn26_B06-F11-918   812      45      1212.0   2728.0   7.4      3.5       1.0   7.0      10.0   0.0    -1            
  27      918       syn27_B06-F11-918   813      46      454.0    3205.0   7.4      3.5       1.0   7.0      10.0   0.0    -1            
  28      918       syn28_B06-F11-918   813      47      1322.0   2335.0   7.4      3.5       1.0   7.0      10.0   0.0    -1            
  29      918       syn29_B06-F11-918   814      48      2146.0   2361.0   7.4      3.5       1.0   7.0      10.0   0.0    -1            
  30      918       syn30_B06-F11-918   814      49      2858.0   2831.0   7.4      3.5       1.0   7.0      10.0   0.0    -1            
  31      918       syn31_B06-F11-918   815      40      3174.0   2477.0   7.6      3.5       1.0   7.0      10.0   0.0    -1            
  32      918       syn32_B06-F11-918   815      41      3920.0   2451.0   7.6      3.5       1.0   7.0      10.0   0.0    -1            
  33      918       syn33_B06-F11-918   816      42      3369.0   2905.0   7.6      3.5       1.0   7.0      10.0   0.0    -1            
  34      918       syn34_B06-F11-918   816      43      3900.0   3177.0   7.6      3.5       1.0   7.0      10.0   0.0    -1            
  35      918       syn35_B06-F11-918   817      44      3970.0   3964.0   7.6      3.5       1.0   7.0      10.0   0.0    -1            
  36      918       syn36_B06-F11-918   817      45      3685.0   3572.0   7.6      3.5       1.0   7.0      10.0   0.0    -1            
  37      918       syn37_B06-F11-918   818      46      3223.0   3426.0   7.6      3.5       1.0   7.0      10.0   0.0    -1            
  38      918       syn38_B06-F11-918   818      47      2606.0   3157.0   7.6      3.5       1.0   7.0      10.0   0.0    -1            
  39      918       syn39_B06-F11-918   819      48      2839.0   3832.0   7.6      3.5       1.0   7.0      10.0   0.0    -1            
  40      918       syn40_B06-F11-918   819      49      3283.0   3913.0   7.6      3.5       1.0   7.0      10.0   0.0    -1            
  41      918       syn41_B06-F11-918   820      40      860.0    2328.0   7.8      3.5       1.0   7.0      10.0   0.0    -1            
  42      918       syn42_B06-F11-918   820      41      479.0    3763.0   7.8      3.5       1.0   7.0      10.0   0.0    -1            
  43      918       syn43_B06-F11-918   821      42      855.0    3476.0   7.8      3.5       1.0   7.0      10.0   0.0    -1            
  44      918       syn44_B06-F11-918   821      43      1812.0   3353.0   7.8      3.5       1.0   7.0      10.0   0.0    -1            
  45      918       syn45_B06-F11-918   822      44      2106.0   3623.0   7.8      3.5       1.0   7.0      10.0   0.0    -1            
  46      918       syn46_B06-F11-918   822      45      1745.0   2544.0   7.8      3.5       1.0   7.0      10.0   0.0    -1            
  47      918       syn47_B06-F11-918   823      46      1660.0   2951.0   7.8      3.5       1.0   7.0      10.0   0.0    -1            
  48      918       syn48_B06-F11-918   823      47      2091.0   2788.0   7.8      3.5       1.0   7.0      10.0   0.0    -1            
  49      918       syn49_B06-F11-918   824      48      2590.0   2391.0   7.8      3.5       1.0   7.0      10.0   0.0    -1            
  50      918       syn50_B06-F11-918   824      49      2198.0   3193.0   7.8      3.5       1.0   7.0      10.0   0.0    -1            
  1       919       syn01_B06-F11-919   825      10      1432.0   260.0    7.0      3.5       0.5   13.1     10.0   0.0    -1            
  2       919       syn02_B06-F11-919   825      11      238.0    712.0    7.0      3.5       0.5   13.1     10.0   0.0    -1            
  3       919       syn03_B06-F11-919   826      12      593.0    1077.0   7.0      3.5       0.5   13.1     10.0   0.0    -1            
  4       919       syn04_B06-F11-919   826      13      2083.0   947.0    7.0      3.5       0.5   13.1     10.0   0.0    -1            
  5       919       syn05_B06-F11-919   827      14      2264.0   285.0    7.0      3.5       0.5   13.1     10.0   0.0    -1            
  6       919       syn06_B06-F11-919   827      15      2691.0   390.0    7.0      3.5       0.5   13.1     10.0   0.0    -1            
  7       919       syn07_B06-F11-919   828      16      3236.0   325.0    7.0      3.5       0.5   13.1     10.0   0.0    -1            
  8       919       syn08_B06-F11-919   828      17      3566.0   669.0    7.0      3.5       0.5   13.1     10.0   0.0    -1            
  9       919       syn09_B06-F11-919   829      18      296.0    1467.0   7.0      3.5       0.5   13.1     10.0   0.0    -1            
  10      919       syn10_B06-F11-919   829      19      1247.0   1197.0   7.0      3.5       0.5   13.1     10.0   0.0    -1            
  11      919       syn11_B06-F11-919   830      10      1573.0   1478.0   7.2      3.5       0.5   13.1     10.0   0.0    -1            
  12      919       syn12_B06-F11-919   830      11      1838.0   591.0    7.2      3.5       0.5   13.1     10.0   0.0    -1            
  13      919       syn13_B06-F11-919   831      12      2149.0   1375.0   7.2      3.5       0.5   13.1     10.0   0.0    -1            
  14      919       syn14_B06-F11-919   831      13      3130.0   996.0    7.2      3.5       0.5   13.1     10.0   0.0    -1            
  15      919       syn15_B06-F11-919   832      14      939.0    1579.0   7.2      3.5       0.5   13.1     10.0   0.0    -1            
  16      919       syn16_B06-F11-919   832      15      582.0    1839.0   7.2      3.5       0.5   13.1     10.0   0.0    -1            
  17      919       syn17_B06-F11-919   833      16      1948.0   1828.0   7.2      3.5       0.5   13.1     10.0   0.0    -1            
  18      919       syn18_B06-F11-919   833      17      2657.0   1521.0   7.2      3.5       0.5   13.1     10.0   0.0    -1            
  19      919       syn19_B06-F11-919   834      18      1409.0   1867.0   7.2      3.5       0.5   13.1     10.0   0.0    -1            
  20      919       syn20_B06-F11-919   834      19      2494.0   1129.0   7.2      3.5       0.5   13.1     10.0   0.0    -1            
  21      919       syn21_B06-F11-919   835      10      3864.0   1166.0   7.4      3.5       0.5   13.1     10.0   0.0    -1            
  22      919       syn22_B06-F11-919   835      11      2825.0   1929.0   7.4      3.5       0.5   13.1     10.0   0.0    -1            
  23      919       syn23_B06-F11-919   836      12      3217.0   1774.0   7.4      3.5       0.5   13.1     10.0   0.0    -1            
  24      919       syn24_B06-F11-919   836      13      3906.0   1736.0   7.4      3.5       0.5   13.1     10.0   0.0    -1            
  25      919       syn25_B06-F11-919   837      14      2380.0   1918.0   7.4      3.5       0.5   13.1     10.0   0.0    -1            
  26      919       syn26_B06-F11-919   837      15      1212.0   2728.0   7.4      3.5       0.5   13.1     10.0   0.0    -1            
  27      919       syn27_B06-F11-919   838      16      454.0    3205.0   7.4      3.5       0.5   13.1     10.0   0.0    -1            
  28      919       syn28_B06-F11-919   838      17      1322.0   2335.0   7.4      3.5       0.5   13.1     10.0   0.0    -1            
  29      919       syn29_B06-F11-919   839      18      2146.0   2361.0   7.4      3.5       0.5   13.1     10.0   0.0    -1            
  30      919       syn30_B06-F11-919   839      19      2858.0   2831.0   7.4      3.5       0.5   13.1     10.0   0.0    -1            
  31      919       syn31_B06-F11-919   840      10      3174.0   2477.0   7.6      3.5       0.5   13.1     10.0   0.0    -1            
  32      919       syn32_B06-F11-919   840      11      3920.0   2451.0   7.6      3.5       0.5   13.1     10.0   0.0    -1            
  33      919       syn33_B06-F11-919   841      12      3369.0   2905.0   7.6      3.5       0.5   13.1     10.0   0.0    -1            
  34      919       syn34_B06-F11-919   841      13      3900.0   3177.0   7.6      3.5       0.5   13.1     10.0   0.0    -1            
  35      919       syn35_B06-F11-919   842      14      3970.0   3964.0   7.6      3.5       0.5   13.1     10.0   0.0    -1            
  36      919       syn36_B06-F11-919   842      15      3685.0   3572.0   7.6      3.5       0.5   13.1     10.0   0.0    -1            
  37      919       syn37_B06-F11-919   843      16      3223.0   3426.0   7.6      3.5       0.5   13.1     10.0   0.0    -1            
  38      919       syn38_B06-F11-919   843      17      2606.0   3157.0   7.6      3.5       0.5   13.1     10.0   0.0    -1            
  39      919       syn39_B06-F11-919   844      18      2839.0   3832.0   7.6      3.5       0.5   13.1     10.0   0.0    -1            
  40      919       syn40_B06-F11-919   844      19      3283.0   3913.0   7.6      3.5       0.5   13.1     10.0   0.0    -1            
  41      919       syn41_B06-F11-919   845      10      860.0    2328.0   7.8      3.5       0.5   13.1     10.0   0.0    -1            
  42      919       syn42_B06-F11-919   845      11      479.0    3763.0   7.8      3.5       0.5   13.1     10.0   0.0    -1            
  43      919       syn43_B06-F11-919   846      12      855.0    3476.0   7.8      3.5       0.5   13.1     10.0   0.0    -1            
  44      919       syn44_B06-F11-919   846      13      1812.0   3353.0   7.8      3.5       0.5   13.1     10.0   0.0    -1            
  45      919       syn45_B06-F11-919   847      14      2106.0   3623.0   7.8      3.5       0.5   13.1     10.0   0.0    -1            
  46      919       syn46_B06-F11-919   847      15      1745.0   2544.0   7.8      3.5       0.5   13.1     10.0   0.0    -1            
  47      919       syn47_B06-F11-919   848      16      1660.0   2951.0   7.8      3.5       0.5   13.1     10.0   0.0    -1            
  48      919       syn48_B06-F11-919   848      17      2091.0   2788.0   7.8      3.5       0.5   13.1     10.0   0.0    -1            
  49      919       syn49_B06-F11-919   849      18      2590.0   2391.0   7.8      3.5       0.5   13.1     10.0   0.0    -1            
  50      919       syn50_B06-F11-919   849      19      2198.0   3193.0   7.8      3.5       0.5   13.1     10.0   0.0    -1            
  1       920       syn01_B06-F11-920   850      10      1432.0   260.0    7.0      3.0       1.0   13.1     10.0   0.0    -1            
  2       920       syn02_B06-F11-920   850      11      238.0    712.0    7.0      3.0       1.0   13.1     10.0   0.0    -1            
  3       920       syn03_B06-F11-920   851      12      593.0    1077.0   7.0      3.0       1.0   13.1     10.0   0.0    -1            
  4       920       syn04_B06-F11-920   851      13      2083.0   947.0    7.0      3.0       1.0   13.1     10.0   0.0    -1            
  5       920       syn05_B06-F11-920   852      14      2264.0   285.0    7.0      3.0       1.0   13.1     10.0   0.0    -1            
  6       920       syn06_B06-F11-920   852      15      2691.0   390.0    7.0      3.0       1.0   13.1     10.0   0.0    -1            
  7       920       syn07_B06-F11-920   853      16      3236.0   325.0    7.0      3.0       1.0   13.1     10.0   0.0    -1            
  8       920       syn08_B06-F11-920   853      17      3566.0   669.0    7.0      3.0       1.0   13.1     10.0   0.0    -1            
  9       920       syn09_B06-F11-920   854      18      296.0    1467.0   7.0      3.0       1.0   13.1     10.0   0.0    -1            
  10      920       syn10_B06-F11-920   854      19      1247.0   1197.0   7.0      3.0       1.0   13.1     10.0   0.0    -1            
  11      920       syn11_B06-F11-920   855      10      1573.0   1478.0   7.4      3.0       1.0   13.1     10.0   0.0    -1            
  12      920       syn12_B06-F11-920   855      11      1838.0   591.0    7.4      3.0       1.0   13.1     10.0   0.0    -1            
  13      920       syn13_B06-F11-920   856      12      2149.0   1375.0   7.4      3.0       1.0   13.1     10.0   0.0    -1            
  14      920       syn14_B06-F11-920   856      13      3130.0   996.0    7.4      3.0       1.0   13.1     10.0   0.0    -1            
  15      920       syn15_B06-F11-920   857      14      939.0    1579.0   7.4      3.0       1.0   13.1     10.0   0.0    -1            
  16      920       syn16_B06-F11-920   857      15      582.0    1839.0   7.4      3.0       1.0   13.1     10.0   0.0    -1            
  17      920       syn17_B06-F11-920   858      16      1948.0   1828.0   7.4      3.0       1.0   13.1     10.0   0.0    -1            
  18      920       syn18_B06-F11-920   858      17      2657.0   1521.0   7.4      3.0       1.0   13.1     10.0   0.0    -1            
  19      920       syn19_B06-F11-920   859      18      1409.0   1867.0   7.4      3.0       1.0   13.1     10.0   0.0    -1            
  20      920       syn20_B06-F11-920   859      19      2494.0   1129.0   7.4      3.0       1.0   13.1     10.0   0.0    -1            
  21      920       syn21_B06-F11-920   860      10      3864.0   1166.0   7.8      3.0       1.0   13.1     10.0   0.0    -1            
  22      920       syn22_B06-F11-920   860      11      2825.0   1929.0   7.8      3.0       1.0   13.1     10.0   0.0    -1            
  23      920       syn23_B06-F11-920   861      12      3217.0   1774.0   7.8      3.0       1.0   13.1     10.0   0.0    -1            
  24      920       syn24_B06-F11-920   861      13      3906.0   1736.0   7.8      3.0       1.0   13.1     10.0   0.0    -1            
  25      920       syn25_B06-F11-920   862      14      2380.0   1918.0   7.8      3.0       1.0   13.1     10.0   0.0    -1            
  26      920       syn26_B06-F11-920   862      15      1212.0   2728.0   7.8      3.0       1.0   13.1     10.0   0.0    -1            
  27      920       syn27_B06-F11-920   863      16      454.0    3205.0   7.8      3.0       1.0   13.1     10.0   0.0    -1            
  28      920       syn28_B06-F11-920   863      17      1322.0   2335.0   7.8      3.0       1.0   13.1     10.0   0.0    -1            
  29      920       syn29_B06-F11-920   864      18      2146.0   2361.0   7.8      3.0       1.0   13.1     10.0   0.0    -1            
  30      920       syn30_B06-F11-920   864      19      2858.0   2831.0   7.8      3.0       1.0   13.1     10.0   0.0    -1            
  31      920       syn31_B06-F11-920   865      10      3174.0   2477.0   8.2      3.0       1.0   13.1     10.0   0.0    -1            
  32      920       syn32_B06-F11-920   865      11      3920.0   2451.0   8.2      3.0       1.0   13.1     10.0   0.0    -1            
  33      920       syn33_B06-F11-920   866      12      3369.0   2905.0   8.2      3.0       1.0   13.1     10.0   0.0    -1            
  34      920       syn34_B06-F11-920   866      13      3900.0   3177.0   8.2      3.0       1.0   13.1     10.0   0.0    -1            
  35      920       syn35_B06-F11-920   867      14      3970.0   3964.0   8.2      3.0       1.0   13.1     10.0   0.0    -1            
  36      920       syn36_B06-F11-920   867      15      3685.0   3572.0   8.2      3.0       1.0   13.1     10.0   0.0    -1            
  37      920       syn37_B06-F11-920   868      16      3223.0   3426.0   8.2      3.0       1.0   13.1     10.0   0.0    -1            
  38      920       syn38_B06-F11-920   868      17      2606.0   3157.0   8.2      3.0       1.0   13.1     10.0   0.0    -1            
  39      920       syn39_B06-F11-920   869      18      2839.0   3832.0   8.2      3.0       1.0   13.1     10.0   0.0    -1            
  40      920       syn40_B06-F11-920   869      19      3283.0   3913.0   8.2      3.0       1.0   13.1     10.0   0.0    -1            
  41      920       syn41_B06-F11-920   870      10      860.0    2328.0   8.6      3.0       1.0   13.1     10.0   0.0    -1            
  42      920       syn42_B06-F11-920   870      11      479.0    3763.0   8.6      3.0       1.0   13.1     10.0   0.0    -1            
  43      920       syn43_B06-F11-920   871      12      855.0    3476.0   8.6      3.0       1.0   13.1     10.0   0.0    -1            
  44      920       syn44_B06-F11-920   871      13      1812.0   3353.0   8.6      3.0       1.0   13.1     10.0   0.0    -1            
  45      920       syn45_B06-F11-920   872      14      2106.0   3623.0   8.6      3.0       1.0   13.1     10.0   0.0    -1            
  46      920       syn46_B06-F11-920   872      15      1745.0   2544.0   8.6      3.0       1.0   13.1     10.0   0.0    -1            
  47      920       syn47_B06-F11-920   873      16      1660.0   2951.0   8.6      3.0       1.0   13.1     10.0   0.0    -1            
  48      920       syn48_B06-F11-920   873      17      2091.0   2788.0   8.6      3.0       1.0   13.1     10.0   0.0    -1            
  49      920       syn49_B06-F11-920   874      18      2590.0   2391.0   8.6      3.0       1.0   13.1     10.0   0.0    -1            
  50      920       syn50_B06-F11-920   874      19      2198.0   3193.0   8.6      3.0       1.0   13.1     10.0   0.0    -1            
  1       921       syn01_B06-F11-921   850      40      1432.0   260.0    7.0      3.0       1.0   7.0      10.0   0.0    -1            
  2       921       syn02_B06-F11-921   850      41      238.0    712.0    7.0      3.0       1.0   7.0      10.0   0.0    -1            
  3       921       syn03_B06-F11-921   851      42      593.0    1077.0   7.0      3.0       1.0   7.0      10.0   0.0    -1            
  4       921       syn04_B06-F11-921   851      43      2083.0   947.0    7.0      3.0       1.0   7.0      10.0   0.0    -1            
  5       921       syn05_B06-F11-921   852      44      2264.0   285.0    7.0      3.0       1.0   7.0      10.0   0.0    -1            
  6       921       syn06_B06-F11-921   852      45      2691.0   390.0    7.0      3.0       1.0   7.0      10.0   0.0    -1            
  7       921       syn07_B06-F11-921   853      46      3236.0   325.0    7.0      3.0       1.0   7.0      10.0   0.0    -1            
  8       921       syn08_B06-F11-921   853      47      3566.0   669.0    7.0      3.0       1.0   7.0      10.0   0.0    -1            
  9       921       syn09_B06-F11-921   854      48      296.0    1467.0   7.0      3.0       1.0   7.0      10.0   0.0    -1            
  10      921       syn10_B06-F11-921   854      49      1247.0   1197.0   7.0      3.0       1.0   7.0      10.0   0.0    -1            
  11      921       syn11_B06-F11-921   855      40      1573.0   1478.0   7.4      3.0       1.0   7.0      10.0   0.0    -1            
  12      921       syn12_B06-F11-921   855      41      1838.0   591.0    7.4      3.0       1.0   7.0      10.0   0.0    -1            
  13      921       syn13_B06-F11-921   856      42      2149.0   1375.0   7.4      3.0       1.0   7.0      10.0   0.0    -1            
  14      921       syn14_B06-F11-921   856      43      3130.0   996.0    7.4      3.0       1.0   7.0      10.0   0.0    -1            
  15      921       syn15_B06-F11-921   857      44      939.0    1579.0   7.4      3.0       1.0   7.0      10.0   0.0    -1            
  16      921       syn16_B06-F11-921   857      45      582.0    1839.0   7.4      3.0       1.0   7.0      10.0   0.0    -1            
  17      921       syn17_B06-F11-921   858      46      1948.0   1828.0   7.4      3.0       1.0   7.0      10.0   0.0    -1            
  18      921       syn18_B06-F11-921   858      47      2657.0   1521.0   7.4      3.0       1.0   7.0      10.0   0.0    -1            
  19      921       syn19_B06-F11-921   859      48      1409.0   1867.0   7.4      3.0       1.0   7.0      10.0   0.0    -1            
  20      921       syn20_B06-F11-921   859      49      2494.0   1129.0   7.4      3.0       1.0   7.0      10.0   0.0    -1            
  21      921       syn21_B06-F11-921   860      40      3864.0   1166.0   7.8      3.0       1.0   7.0      10.0   0.0    -1            
  22      921       syn22_B06-F11-921   860      41      2825.0   1929.0   7.8      3.0       1.0   7.0      10.0   0.0    -1            
  23      921       syn23_B06-F11-921   861      42      3217.0   1774.0   7.8      3.0       1.0   7.0      10.0   0.0    -1            
  24      921       syn24_B06-F11-921   861      43      3906.0   1736.0   7.8      3.0       1.0   7.0      10.0   0.0    -1            
  25      921       syn25_B06-F11-921   862      44      2380.0   1918.0   7.8      3.0       1.0   7.0      10.0   0.0    -1            
  26      921       syn26_B06-F11-921   862      45      1212.0   2728.0   7.8      3.0       1.0   7.0      10.0   0.0    -1            
  27      921       syn27_B06-F11-921   863      46      454.0    3205.0   7.8      3.0       1.0   7.0      10.0   0.0    -1            
  28      921       syn28_B06-F11-921   863      47      1322.0   2335.0   7.8      3.0       1.0   7.0      10.0   0.0    -1            
  29      921       syn29_B06-F11-921   864      48      2146.0   2361.0   7.8      3.0       1.0   7.0      10.0   0.0    -1            
  30      921       syn30_B06-F11-921   864      49      2858.0   2831.0   7.8      3.0       1.0   7.0      10.0   0.0    -1            
  31      921       syn31_B06-F11-921   865      40      3174.0   2477.0   8.2      3.0       1.0   7.0      10.0   0.0    -1            
  32      921       syn32_B06-F11-921   865      41      3920.0   2451.0   8.2      3.0       1.0   7.0      10.0   0.0    -1            
  33      921       syn33_B06-F11-921   866      42      3369.0   2905.0   8.2      3.0       1.0   7.0      10.0   0.0    -1            
  34      921       syn34_B06-F11-921   866      43      3900.0   3177.0   8.2      3.0       1.0   7.0      10.0   0.0    -1            
  35      921       syn35_B06-F11-921   867      44      3970.0   3964.0   8.2      3.0       1.0   7.0      10.0   0.0    -1            
  36      921       syn36_B06-F11-921   867      45      3685.0   3572.0   8.2      3.0       1.0   7.0      10.0   0.0    -1            
  37      921       syn37_B06-F11-921   868      46      3223.0   3426.0   8.2      3.0       1.0   7.0      10.0   0.0    -1            
  38      921       syn38_B06-F11-921   868      47      2606.0   3157.0   8.2      3.0       1.0   7.0      10.0   0.0    -1            
  39      921       syn39_B06-F11-921   869      48      2839.0   3832.0   8.2      3.0       1.0   7.0      10.0   0.0    -1            
  40      921       syn40_B06-F11-921   869      49      3283.0   3913.0   8.2      3.0       1.0   7.0      10.0   0.0    -1            
  41      921       syn41_B06-F11-921   870      40      860.0    2328.0   8.6      3.0       1.0   7.0      10.0   0.0    -1            
  42      921       syn42_B06-F11-921   870      41      479.0    3763.0   8.6      3.0       1.0   7.0      10.0   0.0    -1            
  43      921       syn43_B06-F11-921   871      42      855.0    3476.0   8.6      3.0       1.0   7.0      10.0   0.0    -1            
  44      921       syn44_B06-F11-921   871      43      1812.0   3353.0   8.6      3.0       1.0   7.0      10.0   0.0    -1            
  45      921       syn45_B06-F11-921   872      44      2106.0   3623.0   8.6      3.0       1.0   7.0      10.0   0.0    -1            
  46      921       syn46_B06-F11-921   872      45      1745.0   2544.0   8.6      3.0       1.0   7.0      10.0   0.0    -1            
  47      921       syn47_B06-F11-921   873      46      1660.0   2951.0   8.6      3.0       1.0   7.0      10.0   0.0    -1            
  48      921       syn48_B06-F11-921   873      47      2091.0   2788.0   8.6      3.0       1.0   7.0      10.0   0.0    -1            
  49      921       syn49_B06-F11-921   874      48      2590.0   2391.0   8.6      3.0       1.0   7.0      10.0   0.0    -1            
  50      921       syn50_B06-F11-921   874      49      2198.0   3193.0   8.6      3.0       1.0   7.0      10.0   0.0    -1            
  1       922       syn01_B17-F01-922   875      10      1306.0   544.0    7.0      3.5       0.5   13.1     10.0   0.0    -1            
  2       922       syn02_B17-F01-922   875      40      370.0    540.0    7.0      3.5       0.5   7.0      10.0   0.0    -1            
  3       922       syn03_B17-F01-922   876      11      846.0    552.0    7.0      3.5       0.5   13.1     10.0   0.0    -1            
  4       922       syn04_B17-F01-922   876      41      1754.0   612.0    7.0      3.5       0.5   7.0      10.0   0.0    -1            
  5       922       syn05_B17-F01-922   877      12      2218.0   428.0    7.4      3.5       0.5   13.1     10.0   0.0    -1            
  6       922       syn06_B17-F01-922   877      42      2710.0   568.0    7.4      3.5       0.5   7.0      10.0   0.0    -1            
  7       922       syn07_B17-F01-922   878      13      3202.0   512.0    7.4      3.5       0.5   13.1     10.0   0.0    -1            
  8       922       syn08_B17-F01-922   878      43      3874.0   760.0    7.4      3.5       0.5   7.0      10.0   0.0    -1            
  9       922       syn09_B17-F01-922   879      14      354.0    992.0    7.8      3.5       0.5   13.1     10.0   0.0    -1            
  10      922       syn10_B17-F01-922   879      44      814.0    1004.0   7.8      3.5       0.5   7.0      10.0   0.0    -1            
  11      922       syn11_B17-F01-922   880      15      1282.0   1016.0   7.8      3.5       0.5   13.1     10.0   0.0    -1            
  12      922       syn12_B17-F01-922   880      45      1906.0   1052.0   7.8      3.5       0.5   7.0      10.0   0.0    -1            
  13      922       syn13_B17-F01-922   881      16      2386.0   1072.0   8.2      3.5       0.5   13.1     10.0   0.0    -1            
  14      922       syn14_B17-F01-922   881      46      3286.0   1068.0   8.2      3.5       0.5   7.0      10.0   0.0    -1            
  15      922       syn15_B17-F01-922   882      17      1034.0   1480.0   8.2      3.5       0.5   13.1     10.0   0.0    -1            
  16      922       syn16_B17-F01-922   882      47      442.0    1676.0   8.2      3.5       0.5   7.0      10.0   0.0    -1            
  17      922       syn17_B17-F01-922   883      18      1774.0   1620.0   8.6      3.5       0.5   13.1     10.0   0.0    -1            
  18      922       syn18_B17-F01-922   883      48      2502.0   1608.0   8.6      3.5       0.5   7.0      10.0   0.0    -1            
  19      922       syn19_B17-F01-922   884      19      1342.0   1824.0   8.6      3.5       0.5   13.1     10.0   0.0    -1            
  20      922       syn20_B17-F01-922   884      49      2922.0   1376.0   8.6      3.5       0.5   7.0      10.0   0.0    -1            
  21      922       syn21_B17-F01-922   885      10      3686.0   1280.0   7.0      3.0       0.5   13.1     10.0   0.0    -1            
  22      922       syn22_B17-F01-922   885      40      3062.0   1904.0   7.0      3.0       0.5   7.0      10.0   0.0    -1            
  23      922       syn23_B17-F01-922   886      11      3514.0   1920.0   7.0      3.0       0.5   13.1     10.0   0.0    -1            
  24      922       syn24_B17-F01-922   886      41      3902.0   1704.0   7.0      3.0       0.5   7.0      10.0   0.0    -1            
  25      922       syn25_B17-F01-922   887      12      2130.0   1880.0   7.0      3.0       0.5   13.1     10.0   0.0    -1            
  26      922       syn26_B17-F01-922   887      42      714.0    2444.0   7.0      3.0       0.5   7.0      10.0   0.0    -1            
  27      922       syn27_B17-F01-922   888      13      518.0    2876.0   7.4      3.0       0.5   13.1     10.0   0.0    -1            
  28      922       syn28_B17-F01-922   888      43      1166.0   2452.0   7.4      3.0       0.5   7.0      10.0   0.0    -1            
  29      922       syn29_B17-F01-922   889      14      1754.0   2416.0   7.4      3.0       0.5   13.1     10.0   0.0    -1            
  30      922       syn30_B17-F01-922   889      44      2734.0   2652.0   7.4      3.0       0.5   7.0      10.0   0.0    -1            
  31      922       syn31_B17-F01-922   890      15      3194.0   2448.0   7.4      3.0       0.5   13.1     10.0   0.0    -1            
  32      922       syn32_B17-F01-922   890      45      3850.0   2648.0   7.4      3.0       0.5   7.0      10.0   0.0    -1            
  33      922       syn33_B17-F01-922   891      16      3070.0   2984.0   7.8      3.0       0.5   13.1     10.0   0.0    -1            
  34      922       syn34_B17-F01-922   891      46      3550.0   3220.0   7.8      3.0       0.5   7.0      10.0   0.0    -1            
  35      922       syn35_B17-F01-922   892      17      3970.0   3964.0   7.8      3.0       0.5   13.1     10.0   0.0    -1            
  36      922       syn36_B17-F01-922   892      47      3594.0   3748.0   7.8      3.0       0.5   7.0      10.0   0.0    -1            
  37      922       syn37_B17-F01-922   893      18      3090.0   3532.0   7.8      3.0       0.5   13.1     10.0   0.0    -1            
  38      922       syn38_B17-F01-922   893      48      2718.0   3264.0   7.8      3.0       0.5   7.0      10.0   0.0    -1            
  39      922       syn39_B17-F01-922   894      19      2710.0   3872.0   8.2      3.0       0.5   13.1     10.0   0.0    -1            
  40      922       syn40_B17-F01-922   894      49      3226.0   3972.0   8.2      3.0       0.5   7.0      10.0   0.0    -1            
  41      922       syn41_B17-F01-922   895      10      1130.0   2964.0   8.2      3.0       0.5   13.1     10.0   0.0    -1            
  42      922       syn42_B17-F01-922   895      40      502.0    3572.0   8.2      3.0       0.5   7.0      10.0   0.0    -1            
  43      922       syn43_B17-F01-922   896      11      1234.0   3540.0   8.2      3.0       0.5   13.1     10.0   0.0    -1            
  44      922       syn44_B17-F01-922   896      41      1578.0   3876.0   8.2      3.0       0.5   7.0      10.0   0.0    -1            
  45      922       syn45_B17-F01-922   897      12      2042.0   3724.0   8.6      3.0       0.5   13.1     10.0   0.0    -1            
  46      922       syn46_B17-F01-922   897      42      1630.0   2980.0   8.6      3.0       0.5   7.0      10.0   0.0    -1            
  47      922       syn47_B17-F01-922   898      13      1682.0   3428.0   8.6      3.0       0.5   13.1     10.0   0.0    -1            
  48      922       syn48_B17-F01-922   898      43      2018.0   2748.0   8.6      3.0       0.5   7.0      10.0   0.0    -1            
  49      922       syn49_B17-F01-922   899      14      2406.0   2920.0   8.6      3.0       0.5   13.1     10.0   0.0    -1            
  50      922       syn50_B17-F01-922   899      44      2150.0   3296.0   8.6      3.0       0.5   7.0      10.0   0.0    -1            

