         1    6.57438
      1006    4.24643
      1026     9.6421
      1027    2.72947
      1035    10.4721
      1041    4.53403
      1055    2.07966
      1068    14.9921
      1081    1.61416
      1082    7.29177
      1088    1.38293
       111    3.47131
      1118    2.60768
      1130    8.42912
      1148    4.56207
      1152    1.20254
      1155    1.31053
      1159    5.20323
      1186    2.88444
      1189    1.32004
      1222    1.52108
      1230    4.22019
      1243    4.39306
      1263    3.26497
      1271    2.83628
      1274    3.26497
       128    1.55724
      1283        1.6
      1292    4.32666
        13    4.97246
      1311    15.4055
      1316    1.40089
      1321    6.43741
      1325    2.84605
      1337    7.10634
      1343    2.22991
      1344    3.96611
      1351     4.7363
      1381    1.37009
      1382    1.66508
      1412    16.3948
      1423    7.83389
      1426        3.3
       145    1.99625
      1453    1.41421
      1458    1.56285
      1522        3.7
      1526    1.59138
      1540    5.75751
      1553    3.25576
      1563    10.9252
      1564     3.2249
      1566    3.11448
      1570    4.27182
      1596    9.66644
      1606    1.35044
      1610    7.71633
       163     5.1264
      1652    3.76345
      1659    44.2833
      1662    2.56125
      1665        3.1
       168    1.79702
      1695    6.01664
       173    4.18808
      1730    1.42153
      1738    18.0174
      1779    4.56207
      1791    3.11447
      1803    2.91578
      1821    6.86477
      1825    31.5376
      1847    1.80347
      1849    1.27931
      1893    2.90689
      1899    11.5128
      1901     1.3595
      1924     4.2638
      1942    6.90209
      1952    3.02324
      1956    16.6208
      1957    3.76431
       197    5.74859
      2013    6.69318
      2023    14.2524
      2047    6.16117
      2064    1.54787
      2072    3.89134
      2075    10.3672
      2079     1.3046
      2082    1.18533
      2102     6.5521
       217    3.98246
      2179    3.13209
      2202    5.45362
      2246        1.3
       226    5.34519
      2267    3.38321
      2281    4.03738
      2316    2.09881
      2321    18.6422
      2334    2.68631
      2341    6.21289
      2408    1.40801
      2416    2.81603
      2454    6.66033
      2462    3.56378
      2481    4.73814
      2485    7.06824
      2487    1.87293
      2492    3.27297
       253    16.5246
      2550    4.24853
      2583    2.83636
      2593    24.1182
      2599    5.66039
      2603    4.29796
      2608    7.01088
      2627    4.12311
      2655    2.29881
       266    9.17606
      2666    3.72592
      2672    4.70771
        27    8.98888
      2737    1.43962
       274    3.17057
      2762    3.58469
      2771    7.18744
      2778    2.76586
        28    1.98494
      2805    6.37378
      2812    3.33017
      2831    2.20227
      2832      1.251
      2871    2.30894
       288    10.8231
       290    3.28938
      2907    4.81664
       295    3.83981
      2960    1.37831
      2967    4.24264
      2971    4.76573
      2979    3.25576
      3009     3.4234
      3021    3.51304
      3035    2.23607
      3047    8.91964
      3048     9.8759
      3070    3.55598
      3077    1.34279
      3085    7.55811
      3105    36.0772
      3117    2.80713
      3161    5.07373
      3164    2.73654
      3237    2.38856
      3251    5.33667
      3298    1.23794
       330       8.25
      3304    1.45602
      3326        2.9
      3333    3.39568
      3360    1.74913
      3367    3.72619
      3377    1.55724
      3388       1.45
      3395    4.11461
      3399    2.30868
      3424     5.1264
      3444    2.43217
      3446    4.79503
      3455        1.3
      3460    4.19789
      3474    2.64008
      3489    1.27469
      3499    3.72592
      3540    3.76962
      3548    4.36164
      3613    3.50179
      3714    5.03518
       375    5.17378
      3785    1.27475
      3792    5.51543
      3798    5.99333
      3811    4.10366
      3825    6.16644
      3833    2.50799
      3850    3.94588
      3869    3.92588
      3889    23.6943
      3894    3.28508
      3899    5.96803
       390    7.35612
      3903    5.52977
      3917     5.3033
      3920    4.40452
      3930    6.03602
      3937     4.3419
      3948    6.20323
      3954    1.30545
      3972     4.7101
      3979     8.2609
      3987    28.1233
      4000    5.23283
      4002    1.05475
       403       21.2
      4039    5.32541
      4064    3.46726
      4074    11.8068
      4075    1.13969
      4081    7.26722
       409        3.0
      4103    4.16564
      4104    6.01664
      4108    9.18708
      4139    8.74643
      4174    2.63042
      4190    3.40074
      4238    6.22927
      4255    10.9902
      4265    4.04444
      4275        3.1
       429    4.54863
       431    11.2641
      4331    3.04138
      4347     1.8554
      4351    6.37809
      4362    3.60555
      4397    5.71183
      4434      4.272
      4449    5.76888
      4456    11.3877
       447    21.6333
      4482    6.28013
      4518    2.82843
      4522    3.67208
      4523    6.28033
      4525    4.83736
      4544    2.59422
      4554    4.90661
      4561    6.37051
      4562    13.1244
      4567    4.29796
       459    4.20119
      4607    1.36191
      4619    4.02492
       462    7.74134
      4643    1.41598
      4702    4.55679
      4734    3.97146
      4738       6.15
      4744    3.44093
      4747     19.981
      4767    1.40089
      4788    2.43088
      4796    5.21536
      4798    3.00343
        48     4.9163
      4805     3.4176
      4856    3.96011
      4907    5.85769
      4908    7.03083
      4911    2.84253
      4917    20.9914
      4921    0.96566
      4922    55.7853
      4934    1.14018
      4945    6.54941
      4948    2.86531
      4950    1.25399
      4957    1.02956
      4986    3.71795
       499    6.62707
      5022    1.43833
       511    2.97843
      5133    8.84142
        52     3.3121
      5212    6.76757
       522    6.70264
      5228    7.08802
       523    3.11077
      5235    3.01249
      5257    10.8475
      5259    5.11087
      5271    3.02062
      5273    5.01199
      5300    5.23431
      5328     3.5805
      5340    4.12784
      5351    5.49123
      5359    2.79332
      5365    6.68431
       543    3.04795
      5447    69.2301
      5489    6.64267
      5494    2.80056
      5506     7.7682
       551    1.83098
      5514    5.51596
      5528    4.43847
      5559    3.70257
      5586    2.83196
      5595     6.5237
      5600    4.36807
      5618    9.45648
       563    2.91548
      5662    5.45894
      5663    3.31059
      5685        4.2
      5698    3.32579
      5750    3.06105
       578    2.05155
      5817    3.08058
       587    3.46699
      5914     4.6326
      5968        1.2
      5987     4.2638
      6013    4.13793
      6066    3.62786
       607    9.21954
       609    10.6066
      6115    2.88444
       617    1.51822
      6209    7.10721
       626    28.9822
      6296    6.02993
       637    1.75642
       645    1.47697
       647    5.12813
       662    20.7434
       693    15.4536
       694    4.24382
       712    4.78357
       722    1.31244
       734    5.43518
       748     6.1792
       764    1.59452
       776    8.00203
       808    1.37295
       819    3.04795
        84        5.4
       842    1.63783
       843    1.76938
       844      9.005
       846    5.51951
       869    4.14005
       879    4.82105
       884    2.25319
       897    1.51822
        90    3.08869
        91    13.2742
       925    3.30151
       929    3.81608
        93    6.54866
        94    2.53476
        95    3.55317
       955    5.20096
       959    3.22025
        98    8.71321
       980    14.4499
       983    4.20268
       992    3.22025
       998    12.6801
      4529    4.35259
      3760    1.07935
       166    16.0276
      2862    4.53431
      5131    7.78621
        99       11.9
      3025    8.94986
      3155    6.87527
      2068    2.61291
      1797    45.7751
       882    3.39706
      2641    1.47054
      3300    7.72172
      1125    6.64831
      1754    63.6553
      2219    60.5295
      4841    7.13505
      1282    15.4638
      1286    1.35828
       194    5.89224
      2710    25.2539
      1788    49.3964
      1183     51.923
      3780    47.6008
      2254    55.7136
      1642    62.3582
      1523    46.5188
      2609    15.3887
      1268    57.6888
      2377    49.0306
      2158    45.1899
      2850     61.956
      2590    73.8053
      2466    30.1325
      3983    69.4262
      2417    8.76417
      1105    16.1321
      2520    5.27477
      1291    8.85062
      2683    33.6164
      3140    22.9054
      3795      30.64
      1752     44.172
       837    31.2173
      2346    19.9989
      1921    13.4164
      1367    26.9865
      1153    7.92023
      1309    8.81278
      3472    4.49444
      1335     7.8676
      2012    13.7674
      1710    12.1833
      1416    18.3565
      2927    34.0922
      1895    6.17454
      1867    22.2284
      1802    28.6024
      2125    17.5731
      1009    14.2303
      2122    23.0489
      1052    37.5373
      1816    12.8825
      1552       15.6
       278    8.61893
      1313       23.8
      2564    33.4823
      3182     12.245
       599    21.0021
       796    8.28025
      2317    8.37407
      2016     21.981
       393    15.8319
      2146    7.84618
      1394    14.1566
      1318    9.60069
       445     31.349
      3088    10.2703
       903    16.4537
       881    34.2266
       112    13.6473
       756    16.6248
      1255     19.071
       425    12.6243
       834    6.66033
      1415    4.86749
       946    12.9547
      1137    34.6893
      1121    7.69415
      1969    39.9249
      1680     16.819
      1441    15.2794
      1792    18.0754
       483    22.1534
      1647    12.1565
      1794     14.151
       212    31.0693
      1201    10.9202
       292    5.54707
      1982    6.62118
       859    14.9807
       291     9.8732
      2348     16.624
        49    4.14397
      1330    17.0677
      1341    9.17878
       901    11.1383
       757    23.0269
       930    1.30863
       443    11.8004
      1920    24.3546
       139    14.3781
      1773    18.9381
       174    10.9602
      1244    9.50329
       729    3.46742
       545    17.6465
       540    22.4179
       220        4.8
       906    2.69258
